<?xml version="1.0" encoding="UTF-8"?>
<document version="2.0.0">
  <chunk label="Chunk 1" enabled="true">
    <sensors next_id="1">
      <sensor id="0" label="unknown" type="frame">
        <resolution width="4978" height="3300"/>
        <property name="layer_index" value="0"/>
        <bands>
          <band label="Red"/>
          <band label="Green"/>
          <band label="Blue"/>
        </bands>
        <data_type>uint8</data_type>
        <calibration type="frame" class="adjusted">
          <resolution width="4978" height="3300"/>
          <f>4527.6451720281157</f>
        </calibration>
        <fixed_calibration_params>cx cy b1 b2 k1 k2 k3 k4 p1 p2</fixed_calibration_params>
        <covariance>
          <params>f</params>
          <coeffs>0.018444366842396663</coeffs>
        </covariance>
        <black_level>0 0 0</black_level>
        <sensitivity>1 1 1</sensitivity>
      </sensor>
    </sensors>
    <components next_id="1" active_id="0">
      <component id="0" label="Component 1">
        <region>
          <center>7.3398883195227507 44.334018234881384 -16.553783832388227</center>
          <size>266.3355196717589 249.373671670894 65.587170183636687</size>
          <R>-0.65214374422694565 -0.5264639835198891 0.54547613231197389 0.75805587576786526 -0.46020298149134198 0.46213039830798242 0.0077347320234826822 0.71487683546387881 0.69920761154157596</R>
        </region>
        <partition>
          <camera_ids>0 1 2 3 4 5 6 7 8 9 10 11 12 13 14 15 16 17 18 19 20 21 22 23 24 25 26 27 28 29 30 31 32 33 34 35 36 37 38 39 40 41 42 43 44 45 46 47 48 49 50 51 52 53 54 55 56 57 58 59 60 61 62 63 64 65 66 67 68 69 70 71 72 73 74 75 76 77 78 79 80 81 82 83 84 85 86 87 88 89 90 91 92 93 94 95 96 97 98 99 100 101 102 103 104 105 106 107 108 109 110 111 112 113 114 115 116 117 118 119 120 121 122 123 124</camera_ids>
        </partition>
      </component>
    </components>
    <cameras next_id="125" next_group_id="0">
      <camera id="0" sensor_id="0" component_id="0" label="_DSC9213">
        <transform>0.75696184416809409 -0.018901978292902522 0.65318564106251809 -3.4957639667408644 -0.46208875777760994 -0.72225860597194447 0.5146032316600897 -2.5797131610585526 0.46204193144040878 -0.69136475272903342 -0.55545659801170688 -3.1156947809553026 0 0 0 1</transform>
      </camera>
      <camera id="1" sensor_id="0" component_id="0" label="_DSC9214">
        <transform>0.47409734684404253 -0.09537988777894324 0.87529102744328124 -4.4511434602066551 -0.63470343683182151 -0.72601724390120514 0.26467056661436955 -1.2910640643461531 0.61023213041375746 -0.68102983676588924 -0.40474079167451454 -3.8884372224328034 0 0 0 1</transform>
        <rotation_covariance>2.9994688528694778e-09 7.5436512169891268e-10 -2.8762029298608952e-09 7.5436512169891248e-10 9.407979110839568e-10 -1.142159605533922e-09 -2.8762029298608956e-09 -1.1421596055339218e-09 5.1148000775182837e-09</rotation_covariance>
        <location_covariance>3.3842174202360162e-07 1.7425894627010215e-07 -1.4336003988669091e-07 1.7425894627010215e-07 1.2006833403861005e-07 -6.2614026245510563e-08 -1.4336003988669091e-07 -6.2614026245510563e-08 1.3104185625201999e-07</location_covariance>
      </camera>
      <camera id="2" sensor_id="0" component_id="0" label="_DSC9215">
        <transform>0.23615308167072727 -0.06703749582439783 0.96940068917399325 -4.9485280906512621 -0.68680684306586448 -0.71724504357800845 0.11771112003834722 -0.26832729580138842 0.68740678083309603 -0.69358887074143227 -0.21542143822819745 -4.8773736731226904 0 0 0 1</transform>
        <rotation_covariance>4.6313092121957189e-09 9.2446444452480602e-10 -2.804969634960846e-09 9.2446444452480602e-10 1.2479109344396329e-09 -8.6022321915847486e-10 -2.8049696349608456e-09 -8.6022321915847507e-10 3.8216311622499908e-09</rotation_covariance>
        <location_covariance>3.8204424801577382e-07 1.2340141460049893e-07 -9.4366087953490057e-08 1.2340141460049893e-07 8.5548212304895195e-08 -5.5075201571599195e-09 -9.4366087953490057e-08 -5.5075201571599195e-09 1.3398927069143151e-07</location_covariance>
      </camera>
      <camera id="3" sensor_id="0" component_id="0" label="_DSC9216">
        <transform>0.0811854889190462 -0.094424532314699439 0.99221616802293944 -5.0842096284201048 -0.69437317313868407 -0.71952066310185414 -0.011658121408836375 0.54079813657704545 0.71502084781794362 -0.68802181874313995 -0.12398049894677421 -5.5689029481341406 0 0 0 1</transform>
        <rotation_covariance>5.2943533567024156e-09 9.4378930240288801e-10 -2.2569974886184059e-09 9.4378930240288719e-10 1.6051489544426631e-09 -7.2878138067488569e-10 -2.2569974886184059e-09 -7.2878138067488569e-10 2.7144790839584124e-09</rotation_covariance>
        <location_covariance>3.8050683146876651e-07 8.0386628825961101e-08 -5.4624075845838506e-08 8.0386628825961101e-08 7.5766573180854563e-08 1.7169408509696697e-08 -5.4624075845838506e-08 1.7169408509696697e-08 1.4202308935112597e-07</location_covariance>
      </camera>
      <camera id="4" sensor_id="0" component_id="0" label="_DSC9217">
        <transform>-0.18620289330976925 -0.10764310931868437 0.97659686848733906 -4.9117804311034767 -0.65453287650726277 -0.72770808765391004 -0.20500646998135902 1.520908267392092 0.73274497343495926 -0.67738755537675432 0.065045397427532625 -6.4872495353830528 0 0 0 1</transform>
        <rotation_covariance>6.085968240990413e-09 1.1411251588871589e-09 -1.0660688198604502e-09 1.1411251588871587e-09 1.1372943632567462e-09 -4.6256205683733322e-10 -1.0660688198604498e-09 -4.6256205683733333e-10 1.7172357799744455e-09</rotation_covariance>
        <location_covariance>3.545897906283421e-07 2.6656899766499274e-08 -9.0553537156574414e-09 2.6656899766499274e-08 6.5015464798155182e-08 3.5990757155749321e-08 -9.0553537156574414e-09 3.5990757155749321e-08 1.4971878990347435e-07</location_covariance>
      </camera>
      <camera id="5" sensor_id="0" component_id="0" label="_DSC9218">
        <transform>-0.4913820920805147 -0.11447557207879948 0.86338808364478148 -4.6538129152122734 -0.57308972190260632 -0.70397798122548505 -0.41950348341734156 2.6942489224611581 0.65582910139164285 -0.70093533606668879 0.28031739942591516 -7.6145980639416031 0 0 0 1</transform>
        <rotation_covariance>6.5176734905512244e-09 1.1193619851807677e-09 5.0632833012945444e-10 1.1193619851807677e-09 1.3592729336160079e-09 -3.8688016789287593e-10 5.0632833012945444e-10 -3.8688016789287572e-10 2.4149130170532097e-09</rotation_covariance>
        <location_covariance>3.4027002317939638e-07 -4.154656994179174e-08 3.9441001068191651e-08 -4.154656994179174e-08 9.6514726342013243e-08 3.1630432672875004e-08 3.9441001068191651e-08 3.1630432672875004e-08 1.9676965018381558e-07</location_covariance>
      </camera>
      <camera id="6" sensor_id="0" component_id="0" label="_DSC9219">
        <transform>-0.67032838627612346 -0.11835901383543829 0.73256467181836604 -4.1179460616056289 -0.48675221648140965 -0.67501561586363357 -0.55446027638657247 3.509561896659092 0.56011796463145447 -0.72824794004799109 0.39487061616809976 -8.5072005316392971 0 0 0 1</transform>
        <rotation_covariance>6.2731377939479647e-09 1.2083436355889019e-09 7.7883971529178697e-10 1.2083436355889021e-09 1.4983423421307355e-09 -6.7114146627232975e-10 7.7883971529178676e-10 -6.7114146627232975e-10 4.9325632013027648e-09</rotation_covariance>
        <location_covariance>3.2460117259182372e-07 -9.9444708305746059e-08 7.043882554080633e-08 -9.9444708305746059e-08 1.4952652029178865e-07 5.1722017563123337e-10 7.043882554080633e-08 5.1722017563123337e-10 2.4148536368851077e-07</location_covariance>
      </camera>
      <camera id="7" sensor_id="0" component_id="0" label="_DSC9220">
        <transform>-0.82253787934778233 -0.12792034448683434 0.55413700697970236 -2.991428666255048 -0.35122194018508501 -0.6520963863263145 -0.67187309193982958 4.2122793946255648 0.44729697715352118 -0.7472661429547921 0.49144554715938893 -9.229888091905524 0 0 0 1</transform>
        <rotation_covariance>5.437267188391273e-09 9.5390593835372961e-10 1.7949096308521792e-09 9.539059383537294e-10 1.3876797705894879e-09 1.5857508302976477e-10 1.794909630852179e-09 1.5857508302976539e-10 4.1668462768911884e-09</rotation_covariance>
        <location_covariance>2.0195067182110525e-07 -8.3493846995629873e-08 5.6105907536368281e-08 -8.3493846995629873e-08 1.7929792499718477e-07 -4.1463321896138391e-08 5.6105907536368281e-08 -4.1463321896138391e-08 2.4625735810066413e-07</location_covariance>
      </camera>
      <camera id="8" sensor_id="0" component_id="0" label="_DSC9221">
        <transform>-0.96993947335937958 -0.063569327025869662 0.23489648503289079 -1.4055406697024968 -0.14743487195902172 -0.61443082995833953 -0.77507271512235043 4.5636610058334153 0.19359849314949731 -0.78640555431544579 0.58658838003497848 -9.5422477221844577 0 0 0 1</transform>
        <rotation_covariance>4.1239575111646783e-09 2.9644605079858201e-10 2.2634838083797847e-09 2.9644605079858232e-10 1.5832396665903263e-09 2.6756421496940374e-11 2.2634838083797851e-09 2.6756421496940271e-11 6.5209093737903069e-09</rotation_covariance>
        <location_covariance>1.2518476263751392e-07 -3.7057209596589713e-08 2.0577632972270536e-08 -3.7057209596589713e-08 1.999066727844799e-07 -7.8480467426527463e-08 2.0577632972270536e-08 -7.8480467426527463e-08 2.1436186230725313e-07</location_covariance>
      </camera>
      <camera id="9" sensor_id="0" component_id="0" label="_DSC9222">
        <transform>-0.99683883813932272 -0.019178509308722506 -0.077100684547805123 0.64208500973877081 0.072201635958032834 -0.62363908997550943 -0.77837086868632399 4.3699707889161896 -0.033155007797142907 -0.78147710794060621 0.62305238561677734 -9.3169502590104205 0 0 0 1</transform>
        <rotation_covariance>3.3988392943674509e-09 1.3381082225121216e-10 1.4175505394575807e-09 1.338108222512124e-10 2.0733371415965738e-09 -1.2166864387060163e-11 1.4175505394575809e-09 -1.2166864387058715e-11 9.0259294290862742e-09</rotation_covariance>
        <location_covariance>9.8194985442190187e-08 3.7996679020355161e-08 -2.9322382775180812e-08 3.7996679020355161e-08 2.1670436369414893e-07 -1.0345213428409371e-07 -2.9322382775180812e-08 -1.0345213428409371e-07 1.7529943067910248e-07</location_covariance>
      </camera>
      <camera id="10" sensor_id="0" component_id="0" label="_DSC9223">
        <transform>-0.91819653279551239 -0.016420632771034581 -0.39578465101832727 2.2468074206129671 0.32442765160921472 -0.60446913025079052 -0.72757389277322371 3.5882590288705782 -0.22729238006063995 -0.79645931056975672 0.5603487669060383 -8.6089208694438142 0 0 0 1</transform>
        <rotation_covariance>3.0009588831552299e-09 1.0198305216950236e-10 -1.8656195179361576e-10 1.0198305216950231e-10 2.2923596533846754e-09 -1.9717607002049485e-10 -1.8656195179361504e-10 -1.9717607002049547e-10 1.1937508478383866e-08</rotation_covariance>
        <location_covariance>1.9393501948422527e-07 1.526599976530248e-07 -1.3409121957258441e-07 1.526599976530248e-07 2.6573749486912665e-07 -1.5697338237792979e-07 -1.3409121957258441e-07 -1.5697338237792979e-07 2.2757947382764185e-07</location_covariance>
      </camera>
      <camera id="11" sensor_id="0" component_id="0" label="_DSC9224">
        <transform>-0.61495493313633764 0.026094770091887438 -0.78813037829101196 3.9813415892165009 0.57400383384352993 -0.67048228121901787 -0.47007776942147672 2.783711606355352 -0.54069402525292609 -0.74146650197105557 0.39733788834013151 -7.7617609403097898 0 0 0 1</transform>
        <rotation_covariance>4.0835912203762733e-09 -5.9771180490843532e-10 -8.3343630448752216e-10 -5.9771180490843563e-10 1.7151439471167753e-09 -2.2167579897498762e-10 -8.3343630448752185e-10 -2.2167579897498788e-10 1.1204568650662467e-08</rotation_covariance>
        <location_covariance>4.589438288326359e-07 2.3341394387036702e-07 -2.0279440442768167e-07 2.3341394387036702e-07 2.4942173582547745e-07 -8.9765841238338836e-08 -2.0279440442768167e-07 -8.9765841238338836e-08 2.6840764586606989e-07</location_covariance>
      </camera>
      <camera id="12" sensor_id="0" component_id="0" label="_DSC9225">
        <transform>-0.12735984156173541 0.065710891400136973 -0.98967749772780411 5.190746549323916 0.71436824484523664 -0.68613063944024488 -0.13748729533326493 1.3287128756772175 -0.68808246708814291 -0.72450453716503371 0.040443715373030154 -6.4151299072437178 0 0 0 1</transform>
        <rotation_covariance>5.932942638605865e-09 -6.1848455891238712e-10 -1.8883299603311196e-09 -6.1848455891238732e-10 1.4096533158265372e-09 4.5554663700676609e-11 -1.8883299603311196e-09 4.5554663700676389e-11 4.5644592512135033e-09</rotation_covariance>
        <location_covariance>3.2483545312851683e-07 5.4630076104284047e-08 3.0803774339968965e-08 5.4630076104284047e-08 1.9688289966165124e-07 4.791512465144125e-08 3.0803774339968965e-08 4.791512465144125e-08 1.3485330481403515e-07</location_covariance>
      </camera>
      <camera id="13" sensor_id="0" component_id="0" label="_DSC9226">
        <transform>0.28667027134352707 0.092563003477302702 -0.95354719123653697 5.3330111916355696 0.67012085122717857 -0.73068404209936588 0.13053304321854137 -0.097929633570536467 -0.68465918549186933 -0.67641179839546917 -0.27149379129736495 -4.8179268187830928 0 0 0 1</transform>
        <rotation_covariance>6.8719873434322955e-09 -8.9673772139849123e-10 -2.9601040239954344e-10 -8.9673772139849061e-10 1.3352729592124765e-09 -2.1630615549037943e-10 -2.960104023995436e-10 -2.1630615549037948e-10 2.5865295261005924e-09</rotation_covariance>
        <location_covariance>3.1394583399467714e-07 -2.9351292880798628e-08 9.4117458206761393e-08 -2.9351292880798628e-08 2.1152622704802773e-07 4.9494903324912852e-08 9.4117458206761393e-08 4.9494903324912852e-08 2.0991722548266704e-07</location_covariance>
      </camera>
      <camera id="14" sensor_id="0" component_id="0" label="_DSC9227">
        <transform>0.64260886035333753 0.081528442854957028 -0.76184444974091092 4.4085950343923441 0.54129787598946844 -0.75202649889048301 0.37610205319276413 -1.6540747815607968 -0.54226419948644544 -0.65407129425787269 -0.52739006435764024 -3.3765746073336436 0 0 0 1</transform>
        <rotation_covariance>6.1719717775583028e-09 -9.1554900497968178e-10 1.7920207746791516e-09 -9.1554900497968157e-10 1.3127944300360492e-09 -3.1870353667259148e-10 1.7920207746791516e-09 -3.1870353667259154e-10 2.8190104264717205e-09</rotation_covariance>
        <location_covariance>5.3627909189913725e-07 -2.6169918240399535e-07 2.4952273997028218e-07 -2.6169918240399535e-07 3.7361864912374956e-07 -1.1988350579939279e-07 2.4952273997028218e-07 -1.1988350579939279e-07 3.4645667604442074e-07</location_covariance>
      </camera>
      <camera id="15" sensor_id="0" component_id="0" label="_DSC9228">
        <transform>0.94357356370397449 0.062118941523913333 -0.32528474754117975 1.8875382274011903 0.24647255914173821 -0.78776084143935698 0.56452115486036381 -2.6519966332436034 -0.22117912982264559 -0.61284100205412573 -0.75862091899195117 -2.3934778920904423 0 0 0 1</transform>
        <rotation_covariance>4.5317832920508763e-09 -6.1543341352919825e-11 1.3181201217123912e-09 -6.1543341352919967e-11 2.1514583991801911e-09 -2.0709316441121662e-09 1.3181201217123916e-09 -2.0709316441121662e-09 9.5160163187448168e-09</rotation_covariance>
        <location_covariance>1.0973738849344402e-07 -3.8976427746704447e-08 6.8266750095985805e-08 -3.8976427746704447e-08 4.0009338676975504e-07 -2.4321570686718398e-07 6.8266750095985805e-08 -2.4321570686718398e-07 3.8133072580007092e-07</location_covariance>
      </camera>
      <camera id="16" sensor_id="0" component_id="0" label="_DSC9229">
        <transform>0.99738718955162731 0.0045672615596505442 0.072096700619049048 -0.36610365347673712 -0.039661251496389979 -0.7995236979362903 0.59932365343612082 -2.9044028796000054 0.060380288572075849 -0.60061717970777806 -0.79725355075523319 -1.9833555871681097 0 0 0 1</transform>
        <rotation_covariance>1.1330099365423947e-09 -4.4855035187514604e-10 1.8837737018773012e-09 -4.4855035187514584e-10 1.0408499094880844e-09 -1.4858895717825085e-09 1.8837737018773012e-09 -1.4858895717825085e-09 5.8917331834492195e-09</rotation_covariance>
        <location_covariance>7.1983699446971767e-08 8.9566613989647974e-08 -9.2752322260291741e-08 8.9566613989647974e-08 2.4915221648770831e-07 -2.0493229269966038e-07 -9.2752322260291741e-08 -2.0493229269966038e-07 2.4547135547363846e-07</location_covariance>
      </camera>
      <camera id="17" sensor_id="0" component_id="0" label="_DSC9230">
        <transform>0.90346951177389478 -0.025534159952361926 0.4278911636976932 -2.2602549960463181 -0.28222508469411439 -0.78676488667613742 0.54895356330283884 -2.6399401492635528 0.32263267482454266 -0.61672442773820124 -0.71802446850128254 -2.424580660255792 0 0 0 1</transform>
        <rotation_covariance>4.4778119395454687e-10 1.4681415339837483e-10 -3.9056703519485977e-10 1.4681415339837501e-10 9.1188037635317843e-10 -1.6928760989758671e-09 -3.9056703519485992e-10 -1.6928760989758669e-09 6.679543942433905e-09</rotation_covariance>
        <location_covariance>1.503212598387487e-07 1.5211923793009699e-07 -1.4303224553640748e-07 1.5211923793009699e-07 1.8709871544699652e-07 -1.6769201069530788e-07 -1.4303224553640748e-07 -1.6769201069530788e-07 1.7439644486025555e-07</location_covariance>
      </camera>
      <camera id="18" sensor_id="0" component_id="0" label="_DSC9231">
        <transform>0.82322484807974794 -0.15068135811071948 0.54735361314417674 -2.7756732541942175 -0.39551245679533381 -0.84387980410805907 0.36254209788418201 -1.6683722312766096 0.40727232415644798 -0.51493883572367483 -0.75429917767405252 -2.1666688948795199 0 0 0 1</transform>
        <rotation_covariance>7.7043039410126423e-10 5.216504035936117e-10 -1.1290362806976524e-09 5.216504035936118e-10 1.4158409367259455e-09 -2.1784954861650598e-09 -1.1290362806976524e-09 -2.1784954861650602e-09 5.3506942071117982e-09</rotation_covariance>
        <location_covariance>1.8593803945054896e-07 1.3353010795168778e-07 -1.5653299845788754e-07 1.3353010795168778e-07 1.2092707997524105e-07 -1.3254497821749797e-07 -1.5653299845788754e-07 -1.3254497821749797e-07 1.8036494256176121e-07</location_covariance>
      </camera>
      <camera id="19" sensor_id="0" component_id="0" label="_DSC9232">
        <transform>0.81540411987663552 0.071729992958751099 0.57443096138556715 -2.8386012241841523 -0.3955955192298336 -0.65540459287952901 0.64338868873931632 -2.3531631618905275 0.42263495649731553 -0.75186410191108055 -0.50604354141116759 -2.531142254043369 0 0 0 1</transform>
        <rotation_covariance>5.9735261381803188e-10 1.1453889135156423e-10 -1.1822237352891247e-09 1.1453889135156402e-10 3.2790649101860606e-10 -3.4498897199801246e-10 -1.1822237352891245e-09 -3.4498897199801323e-10 6.0123544099146464e-09</rotation_covariance>
        <location_covariance>1.789882565463044e-07 1.5764489890993137e-07 -1.5238038513996588e-07 1.5764489890993137e-07 1.5625792828344761e-07 -1.4734232361313783e-07 -1.5238038513996588e-07 -1.4734232361313783e-07 1.623302842932622e-07</location_covariance>
      </camera>
      <camera id="20" sensor_id="0" component_id="0" label="_DSC9233">
        <transform>0.43599721608108555 -0.22583136081274929 0.87115246888418163 -4.5151292546704767 -0.62526900217237114 -0.77222132389303533 0.11275150485583246 -0.3549361736059532 0.64725968705915138 -0.59386397718530548 -0.47789169705043033 -3.5069309549830949 0 0 0 1</transform>
        <rotation_covariance>3.2746344507144562e-09 1.1643313910773736e-09 -2.4685880373079101e-09 1.1643313910773736e-09 1.4924277691093029e-09 -1.6291941884501928e-09 -2.4685880373079101e-09 -1.6291941884501928e-09 4.0272775343713862e-09</rotation_covariance>
        <location_covariance>3.389537403643208e-07 1.2651768249717965e-07 -1.4198451416967507e-07 1.2651768249717965e-07 7.5547265822602323e-08 -4.85231888223008e-08 -1.4198451416967507e-07 -4.85231888223008e-08 1.5466212418962541e-07</location_covariance>
      </camera>
      <camera id="21" sensor_id="0" component_id="0" label="_DSC9234">
        <transform>0.48204388247616881 0.11650925526592942 0.86836587266237064 -4.5810696135943276 -0.59711812398237085 -0.68160644794133141 0.42292150115189847 -0.81384176886127824 0.64115804711402902 -0.72238372321237976 -0.25899443055545507 -3.9423676064103255 0 0 0 1</transform>
        <rotation_covariance>2.6639711039130616e-09 2.73796290177032e-10 -2.9026225151266391e-09 2.7379629017703226e-10 5.733601659350892e-10 -4.016268875470209e-10 -2.9026225151266395e-09 -4.0162688754702111e-10 5.4020248460542945e-09</rotation_covariance>
        <location_covariance>3.5529849720881365e-07 1.5425432867989794e-07 -1.3836346987769614e-07 1.5425432867989794e-07 9.1025094734402916e-08 -4.9390473456497842e-08 -1.3836346987769614e-07 -4.9390473456497842e-08 1.3527746234256854e-07</location_covariance>
      </camera>
      <camera id="22" sensor_id="0" component_id="0" label="_DSC9235">
        <transform>-0.11922721855096285 -0.1953382603057684 0.97346177861142358 -5.0067928902483656 -0.66742201161027015 -0.71011611977963485 -0.22423861141029094 1.6711202004426045 0.73507328122759386 -0.67644516443672698 -0.045707884828198236 -5.8892249714208109 0 0 0 1</transform>
        <rotation_covariance>5.9547583087163711e-09 1.2296962351473555e-09 -1.2576406077953133e-09 1.2296962351473553e-09 1.3130381183241761e-09 -6.071074898140995e-10 -1.2576406077953133e-09 -6.0710748981409981e-10 1.774962012190048e-09</rotation_covariance>
        <location_covariance>3.6624677461293584e-07 2.5125271776675223e-08 -2.7240483586475024e-08 2.5125271776675223e-08 6.0090065563760395e-08 3.1525832020751864e-08 -2.7240483586475024e-08 3.1525832020751864e-08 1.5393154460068606e-07</location_covariance>
      </camera>
      <camera id="23" sensor_id="0" component_id="0" label="_DSC9236">
        <transform>-0.10815866127692897 0.13298816819899523 0.98519838160131878 -5.051121005858481 -0.67618029237718424 -0.73630652826279841 0.025157675534329849 1.2690359272352416 0.72875367319245021 -0.66345070921407623 0.1695619068418702 -6.2589452962321319 0 0 0 1</transform>
        <rotation_covariance>5.8458027252195836e-09 6.6519163289568416e-10 -1.6263442675720216e-09 6.6519163289568468e-10 9.4316145979540863e-10 -2.9284917240250297e-10 -1.6263442675720216e-09 -2.9284917240250287e-10 2.2340621034575892e-09</rotation_covariance>
        <location_covariance>3.7858130916398767e-07 3.8808168125516154e-08 -1.9528290397455044e-08 3.8808168125516154e-08 6.6711717560449277e-08 3.498091969965665e-08 -1.9528290397455044e-08 3.498091969965665e-08 1.4803019819216452e-07</location_covariance>
      </camera>
      <camera id="24" sensor_id="0" component_id="0" label="_DSC9237">
        <transform>-0.69664792455585922 -0.1921242838807368 0.69120903405216605 -3.6067750916140682 -0.4559988624297277 -0.62522516380800219 -0.63337076977395457 4.0212353089195023 0.55384718711464831 -0.75642696546631027 0.34795335785219961 -8.4436282001991554 0 0 0 1</transform>
        <rotation_covariance>6.0091833463374138e-09 1.033047752796775e-09 1.3298349467869094e-09 1.0330477527967752e-09 1.3928844222174583e-09 -2.7337426345986956e-10 1.3298349467869094e-09 -2.7337426345986925e-10 3.4586940042992421e-09</rotation_covariance>
        <location_covariance>2.4356395697006363e-07 -8.7511223943441122e-08 5.5651197775523765e-08 -8.7511223943441122e-08 1.4836259420265155e-07 -1.0842245855876271e-08 5.5651197775523765e-08 -1.0842245855876271e-08 2.1939619045877979e-07</location_covariance>
      </camera>
      <camera id="25" sensor_id="0" component_id="0" label="_DSC9238">
        <transform>-0.70821742849173752 0.13191691082563886 0.69356038137913512 -3.6474084837195742 -0.45627253467766804 -0.8351818565963729 -0.30706129764438211 3.637223008771354 0.53874246916255575 -0.5339187157709081 0.65168041007090038 -8.8007607217725425 0 0 0 1</transform>
        <rotation_covariance>5.9160212974831111e-09 1.5210593257814627e-09 7.1483430073445142e-10 1.5210593257814629e-09 1.465366084044785e-09 5.8622683295752834e-10 7.1483430073445194e-10 5.8622683295752834e-10 3.9865076405086573e-09</rotation_covariance>
        <location_covariance>2.7643152432526152e-07 -9.9611881205440877e-08 8.3932403230415705e-08 -9.9611881205440877e-08 1.5417599849629697e-07 -2.6972481452114211e-08 8.3932403230415705e-08 -2.6972481452114211e-08 2.5592921918225615e-07</location_covariance>
      </camera>
      <camera id="26" sensor_id="0" component_id="0" label="_DSC9239">
        <transform>-0.99043423282198462 -0.053384260530009414 0.12724052492028901 -0.39638258316115588 -0.064393447684207447 -0.63674222883145237 -0.76838324937370628 5.3010523340762177 0.12203898700688992 -0.76922653019147635 0.62721370433044099 -9.5891030406032343 0 0 0 1</transform>
        <rotation_covariance>3.4152399762709265e-09 3.3352927953593481e-10 2.1873733816524747e-09 3.3352927953593501e-10 1.549747991657717e-09 2.4852003938740778e-10 2.1873733816524747e-09 2.4852003938740788e-10 6.934751543616734e-09</rotation_covariance>
        <location_covariance>1.0040427373230959e-07 -1.2442984079185404e-08 3.0419288650026468e-09 -1.2442984079185404e-08 2.7264099915911928e-07 -1.2537271253385923e-07 3.0419288650026468e-09 -1.2537271253385923e-07 2.19673885880874e-07</location_covariance>
      </camera>
      <camera id="27" sensor_id="0" component_id="0" label="_DSC9240">
        <transform>-0.97460752844156673 0.011979453223074477 0.22359932514544156 -0.44604308626249789 -0.12812080703239564 -0.84879223518014058 -0.51296861531995119 5.0796142099706811 0.18364428744283981 -0.52859080033460315 0.82877411970405712 -9.9290380392892779 0 0 0 1</transform>
        <rotation_covariance>3.8944170442881646e-09 1.1352402142159822e-09 1.8716716166222987e-09 1.1352402142159822e-09 2.3305694936845984e-09 1.7160634162403681e-09 1.8716716166222992e-09 1.7160634162403672e-09 6.1698956232386457e-09</rotation_covariance>
        <location_covariance>1.1077330705055777e-07 -1.7261720433951509e-08 3.4701544605111737e-09 -1.7261720433951509e-08 3.1352020670295706e-07 -1.8095586788031617e-07 3.4701544605111737e-09 -1.8095586788031617e-07 3.0848645872928562e-07</location_covariance>
      </camera>
      <camera id="28" sensor_id="0" component_id="0" label="_DSC9241">
        <transform>-0.87299113527202077 0.057911861837995224 -0.48428575654764566 3.1677803485908735 0.36101246346872373 -0.59092836743536559 -0.72143860846257557 4.430479990196492 -0.3279580445067814 -0.80464270382489078 0.49496832244564626 -8.8161410260960889 0 0 0 1</transform>
        <rotation_covariance>2.680884394312537e-09 1.4126595120802555e-11 -5.850455525812051e-10 1.4126595120802348e-11 2.0922812274784516e-09 -5.1358648190404219e-10 -5.8504555258120468e-10 -5.1358648190404292e-10 1.127517980929896e-08</rotation_covariance>
        <location_covariance>3.4471169933540677e-07 2.9230541758550692e-07 -2.0640963636417277e-07 2.9230541758550692e-07 4.3913324852504456e-07 -2.2719767028616515e-07 -2.0640963636417277e-07 -2.2719767028616515e-07 2.704980149568353e-07</location_covariance>
      </camera>
      <camera id="29" sensor_id="0" component_id="0" label="_DSC9242">
        <transform>-0.87026816984343158 -0.13237947488373419 -0.47445651769879854 3.1990566291817824 0.34684855457414288 -0.84861807661667543 -0.39942889258194914 4.1528922188783186 -0.34975619043441014 -0.51217480870199117 0.78444092995195458 -9.1529533984782709 0 0 0 1</transform>
        <rotation_covariance>2.3601645887298388e-09 -1.8879160131381016e-10 -4.7505150047991612e-10 -1.8879160131381016e-10 3.1344705010163225e-09 3.2382065044860108e-09 -4.7505150047991571e-10 3.2382065044860108e-09 9.9726295330250292e-09</rotation_covariance>
        <location_covariance>3.9602987814106668e-07 3.1244775416899422e-07 -2.9520396860962766e-07 3.1244775416899422e-07 4.2713075578275085e-07 -2.8855951969892859e-07 -2.9520396860962766e-07 -2.8855951969892859e-07 3.8861742219353254e-07</location_covariance>
      </camera>
      <camera id="30" sensor_id="0" component_id="0" label="_DSC9243">
        <transform>-0.33051648812215251 0.23876079236645237 -0.91310028754126549 4.4964516014190039 0.66829176313689875 -0.62395178359642256 -0.40505591104218908 2.3198238269740656 -0.66644202328692759 -0.7440950582925453 0.04666448137330359 -6.6215844939394604 0 0 0 1</transform>
        <rotation_covariance>5.2237939995556335e-09 -1.7183080085924261e-10 -2.0865764286683336e-09 -1.718308008592423e-10 1.597991553317002e-09 -4.9958385294422586e-10 -2.0865764286683328e-09 -4.9958385294422597e-10 5.2179530200597286e-09</rotation_covariance>
        <location_covariance>1.9703483037106855e-07 7.2463404193323532e-08 6.3881998028138102e-09 7.2463404193323532e-08 1.649453343494558e-07 3.7791147924246427e-08 6.3881998028138102e-09 3.7791147924246427e-08 1.02769722376247e-07</location_covariance>
      </camera>
      <camera id="31" sensor_id="0" component_id="0" label="_DSC9244">
        <transform>-0.29602458396027037 -0.15087139595565635 -0.94318994246839816 4.562454302293883 0.65075398991312561 -0.75468066431373693 -0.083524484572632451 2.0272133905651182 -0.69920575677213626 -0.63850991910335142 0.32158419255824089 -6.9548368213742844 0 0 0 1</transform>
        <rotation_covariance>4.9801823349264837e-09 -1.2245730709000849e-09 -1.9077362969848575e-09 -1.2245730709000845e-09 1.8256209541674216e-09 1.0593332274548927e-09 -1.9077362969848575e-09 1.0593332274548927e-09 4.8441846764756017e-09</rotation_covariance>
        <location_covariance>2.5646673162477242e-07 8.4686664635832516e-08 -1.3478009362970178e-08 8.4686664635832516e-08 1.6548186026260993e-07 3.4457445139818638e-08 -1.3478009362970178e-08 3.4457445139818638e-08 1.106019028697929e-07</location_covariance>
      </camera>
      <camera id="32" sensor_id="0" component_id="0" label="_DSC9245">
        <transform>0.22426970096805698 0.15730196693377291 -0.96174798800229577 4.9831721396538482 0.67256071574680898 -0.73916887141151411 0.035936933235433094 0.27890468495839721 -0.70524122459045047 -0.65489348044929729 -0.27156830522571596 -4.66241142467464 0 0 0 1</transform>
        <rotation_covariance>6.7561274241537065e-09 -8.6863883362391835e-10 -6.5323243336093998e-10 -8.6863883362391845e-10 1.3416312688896355e-09 -2.2260307389968842e-10 -6.5323243336093915e-10 -2.2260307389968821e-10 2.514654194692635e-09</rotation_covariance>
        <location_covariance>2.5147545770121555e-07 -9.1302358994408694e-09 8.2347861603185968e-08 -9.1302358994408694e-09 1.859523609543997e-07 4.2886185364822219e-08 8.2347861603185968e-08 4.2886185364822219e-08 1.9249528988785424e-07</location_covariance>
      </camera>
      <camera id="33" sensor_id="0" component_id="0" label="_DSC9246">
        <transform>0.18016476584711549 -0.18226348817149546 -0.96660264743420465 5.0447198981142547 0.66436652606798818 -0.70211610921012813 0.25622273167692289 -0.070059257267478914 -0.72536733879297832 -0.68834075142126383 -0.0054068239478001212 -5.0512990746086466 0 0 0 1</transform>
        <rotation_covariance>6.6217914808595082e-09 -1.199044848118901e-09 -5.0378896355212106e-10 -1.1990448481189015e-09 1.3878978796907958e-09 2.6048098962628376e-10 -5.0378896355212106e-10 2.6048098962628366e-10 2.7971375375477593e-09</rotation_covariance>
        <location_covariance>3.2131821057922864e-07 -2.5070460744156977e-08 8.1858903939785104e-08 -2.5070460744156977e-08 1.9649383762991596e-07 4.4935163520558055e-08 8.1858903939785104e-08 4.4935163520558055e-08 1.9026911087627133e-07</location_covariance>
      </camera>
      <camera id="34" sensor_id="0" component_id="0" label="_DSC9247">
        <transform>0.78731301204544857 0.12250434933396737 -0.60426062709577966 3.2662510742353774 0.4646598458410951 -0.76207576995768667 0.4509232179721161 -1.977054928455265 -0.40525232723187804 -0.6357933667770217 -0.65691502192862528 -2.351380443145719 0 0 0 1</transform>
        <rotation_covariance>5.2261003806660822e-09 -7.5528915599589717e-10 2.4227748813764605e-09 -7.5528915599589728e-10 1.2409313627534384e-09 -6.9905887174685397e-10 2.4227748813764601e-09 -6.9905887174685449e-10 3.4015651886871251e-09</rotation_covariance>
        <location_covariance>1.1475849920086575e-07 -5.9870803462521091e-08 7.1855615845438551e-08 -5.9870803462521091e-08 2.7181006256826626e-07 -1.0274386317614471e-07 7.1855615845438551e-08 -1.0274386317614471e-07 3.0917484945225834e-07</location_covariance>
      </camera>
      <camera id="35" sensor_id="0" component_id="0" label="_DSC9248">
        <transform>0.80051100966152133 -0.052761039085591946 -0.59699111900035884 3.2763868061201089 0.46030662192277838 -0.58377579575405181 0.66882257296368486 -2.2545374110001442 -0.38379673946599951 -0.81019879847253029 -0.44303269600440975 -2.617351977712064 0 0 0 1</transform>
        <rotation_covariance>5.1552524011978765e-09 4.895768536483104e-11 2.4790503283191782e-09 4.8957685364830833e-11 1.0613615841040423e-09 1.7716857894197075e-10 2.4790503283191782e-09 1.7716857894197065e-10 4.0972990971695298e-09</rotation_covariance>
        <location_covariance>1.3771839097835479e-07 -7.9917891416036143e-08 8.9840278007338487e-08 -7.9917891416036143e-08 3.1157242097215228e-07 -1.1918116770793724e-07 8.9840278007338487e-08 -1.1918116770793724e-07 3.0638532589960163e-07</location_covariance>
      </camera>
      <camera id="36" sensor_id="0" component_id="0" label="_DSC9249">
        <transform>0.98014136589968115 0.002450572086469982 0.19828488986495379 -0.74485774448040842 -0.10801477578206527 -0.83196676531872282 0.54420961918901412 -2.6680714584044685 0.16630006333449782 -0.55482005740739959 -0.81518034374817461 -1.5689169612275682 0 0 0 1</transform>
        <rotation_covariance>8.1072110280102836e-10 -3.0356723031880661e-10 1.252629849479905e-09 -3.0356723031880676e-10 1.2276121727175689e-09 -1.8114475960254712e-09 1.2526298494799048e-09 -1.8114475960254712e-09 6.059360609536135e-09</rotation_covariance>
        <location_covariance>8.8207979450835187e-08 9.9095240315393762e-08 -1.202293697084825e-07 9.9095240315393762e-08 2.2653241498265351e-07 -2.1174828549380051e-07 -1.202293697084825e-07 -2.1174828549380051e-07 2.785666288867412e-07</location_covariance>
      </camera>
      <camera id="37" sensor_id="0" component_id="0" label="_DSC9250">
        <transform>0.98866727403567078 0.069274878855714317 0.13318412972423493 -0.74075884734400621 -0.073732513297302765 -0.54871640145227873 0.8327507593872997 -2.9079806752350632 0.13076902436639501 -0.83313342385045841 -0.53739013791608947 -1.7674395385686663 0 0 0 1</transform>
        <rotation_covariance>8.9800351381680752e-10 2.2272466512592205e-10 1.5862030543180221e-09 2.2272466512592215e-10 5.5934704684225593e-10 4.5123824783099057e-10 1.5862030543180219e-09 4.5123824783099021e-10 6.4360611291454642e-09</rotation_covariance>
        <location_covariance>8.5089882005115614e-08 1.0941230000155804e-07 -1.1852889185346765e-07 1.0941230000155804e-07 2.6123871351943752e-07 -2.3665288338981319e-07 -1.1852889185346765e-07 -2.3665288338981319e-07 2.8123704509368796e-07</location_covariance>
      </camera>
      <camera id="38" sensor_id="0" component_id="0" label="_DSC9251">
        <transform>0.72549728983341932 -0.25377210317493804 0.63972916307960503 -3.3749799564841854 -0.44415290369607935 -0.88269567993123887 0.15354652314223749 -0.6935397556265307 0.52572034446338922 -0.39553515176390747 -0.7531069400399909 -2.0556783129138787 0 0 0 1</transform>
        <rotation_covariance>2.0641319055796436e-09 9.5117609537933375e-10 -1.4745360185935843e-09 9.5117609537933334e-10 2.2214784919780157e-09 -2.4652293759822331e-09 -1.4745360185935839e-09 -2.4652293759822331e-09 4.1767783916625708e-09</rotation_covariance>
        <location_covariance>2.4269337034468651e-07 1.1370261005150839e-07 -1.6622806051028603e-07 1.1370261005150839e-07 9.0044698841753496e-08 -9.5999187593949549e-08 -1.6622806051028603e-07 -9.5999187593949549e-08 1.9918432543147615e-07</location_covariance>
      </camera>
      <camera id="39" sensor_id="0" component_id="0" label="_DSC9252">
        <transform>0.73379786562072213 0.015898218369087447 0.67918181591026261 -3.5611480365636625 -0.4564525457917481 -0.72892123323398073 0.51022045155097961 -1.1678894818184073 0.50318164299853474 -0.68441294727185142 -0.52762406290459607 -2.2091845325664745 0 0 0 1</transform>
        <rotation_covariance>1.0973679899741008e-09 3.2674966184863624e-10 -1.8224449542580963e-09 3.2674966184863676e-10 4.4684002177296674e-10 -9.4474646086570347e-10 -1.8224449542580959e-09 -9.4474646086570285e-10 5.7710437294027609e-09</rotation_covariance>
        <location_covariance>2.5769106289494967e-07 1.3979080922096769e-07 -1.8196345220353368e-07 1.3979080922096769e-07 9.348737844887536e-08 -1.149189759490582e-07 -1.8196345220353368e-07 -1.149189759490582e-07 1.9561937542688918e-07</location_covariance>
      </camera>
      <camera id="40" sensor_id="0" component_id="0" label="_DSC9253">
        <transform>0.27485087119596407 -0.36669649822197259 0.88881419700326703 -4.7260225940562322 -0.63447003476692898 -0.76374788128724858 -0.118898901643751 1.1854279831209216 0.722429770694475 -0.53124650777297444 -0.44257471052167802 -3.9188936814193429 0 0 0 1</transform>
        <rotation_covariance>3.9986669712601139e-09 1.8200928883941365e-09 -2.0911053997652474e-09 1.8200928883941363e-09 2.0582857617738732e-09 -1.4887413381412786e-09 -2.0911053997652474e-09 -1.4887413381412788e-09 2.5628217884142178e-09</rotation_covariance>
        <location_covariance>3.5612851423438149e-07 5.4425411565792268e-08 -1.0036060964782003e-07 5.4425411565792268e-08 3.8386601595679818e-08 -6.269859822369294e-09 -1.0036060964782003e-07 -6.269859822369294e-09 1.66726505038909e-07</location_covariance>
      </camera>
      <camera id="41" sensor_id="0" component_id="0" label="_DSC9254">
        <transform>0.29034149816078736 0.15010768638625852 0.94507645031156773 -4.9100286725838513 -0.65906571256655511 -0.68467026825051858 0.3112218024061002 0.96790891952048452 0.69378253146421009 -0.71322808852535191 -0.099857362140127429 -4.1198620974844014 0 0 0 1</transform>
        <rotation_covariance>3.8986067553000972e-09 2.3959113452794807e-10 -2.8303654916301256e-09 2.3959113452794776e-10 6.6693192232104984e-10 -1.8226324719668485e-10 -2.8303654916301256e-09 -1.8226324719668465e-10 4.4903250558631838e-09</rotation_covariance>
        <location_covariance>8.1674480453310798e-07 6.5353115275436225e-08 -2.1384541839093826e-07 6.5353115275436225e-08 4.2140212588291507e-08 -2.6177572497949508e-09 -2.1384541839093826e-07 -2.6177572497949508e-09 1.9409309966176048e-07</location_covariance>
      </camera>
      <camera id="42" sensor_id="0" component_id="0" label="_DSC9255">
        <transform>-0.4671867070901416 -0.39716704027289595 0.78993349266829882 -4.3782831048811275 -0.55832838713978139 -0.56023486788759835 -0.61188749367580286 3.8242955643247769 0.68556983074823286 -0.72690799618922386 0.039984650104840647 -6.4735619495264265 0 0 0 1</transform>
        <rotation_covariance>6.7683957221703928e-09 1.108754768970201e-09 8.1089537849746701e-10 1.1087547689702003e-09 1.4705591215180947e-09 -2.3578567000460948e-10 8.1089537849746722e-10 -2.3578567000460927e-10 1.649171214274953e-09</rotation_covariance>
        <location_covariance>3.0790686369288085e-07 -6.738205120654823e-08 1.8982148299198082e-08 -6.738205120654823e-08 1.0334030732403727e-07 3.3005734001705507e-08 1.8982148299198082e-08 3.3005734001705507e-08 1.898449491931761e-07</location_covariance>
      </camera>
      <camera id="43" sensor_id="0" component_id="0" label="_DSC9256">
